17463,,,0,0



2365671,,,0,0
2713531,,,0,0



6597282,,,0,0










11013362,,,0,0
11475192,,,0,0








15146662,,,0,0











18037220,,,0,0







19040715,,,0,0

















23666138,,,0,0

23936872,,,0,0





25059126,,,0,0







25844637,,,0,0
25975016,,,0,0














30565229,,,0,0





34588411,,,0,0
35443273,,,0,0






38709380,,,0,0
38842929,,,0,0





42246189,,,0,0








45379370,,,0,0
46171061,,,0,0


46456956,,,0,0








48962036,,,0,0



49306114,,,0,0


















54177324,,,0,0





55241812,,,0,0







56634776,,,0,0









60570754,,,0,0






65477749,,,0,0






71293642,,,0,0

72237724,,,0,0







76382987,,,0,0



80360405,,,0,0

81438455,,,0,0
81919094,,,0,0
82562960,,,0,0
82885657,,,0,0

83684175,,,0,0


84358206,,,0,0





87471076,,,0,0




89200812,,,0,0
















94863792,,,0,0






97880164,,,0,0





100582203,,,0,0

101249747,,,0,0

101299423,,,0,0

101823739,,,0,0


102710182,,,0,0
102729394,,,0,0
102789572,,,0,0

103359798,,,0,0

104464661,,,0,0



105564755,,,0,0


107069812,,,0,0








109348803,,,0,0

110415880,,,0,0



112403121,,,0,0



113733025,,,0,0




116438081,,,0,0

117082528,,,0,0





118758140,,,0,0








122746535,,,0,0
123005518,,,0,0
123054754,,,0,0
123179857,,,0,0






125450770,,,0,0
125996625,,,0,0
126579216,,,0,0

127299755,,,0,0


128692984,,,0,0
129198261,,,0,0

130471753,,,0,0
131214856,,,0,0

131875919,,,0,0
132498500,,,0,0

132703187,,,0,0

133259768,,,0,0




134572088,,,0,0



137372610,,,0,0




138323621,,,0,0

139715755,,,0,0

140252866,,,0,0


142197046,,,0,0
142731964,,,0,0

143100749,,,0,0
143529151,,,0,0



145282055,,,0,0




148073422,,,0,0




149924413,,,0,0







152649356,,,0,0

152998325,,,0,0



153407227,,,0,0

153535063,,,0,0


154247377,,,0,0


155181703,,,0,0




157998149,,,0,0







164291764,,,0,0






167010408,,,0,0
167387810,,,0,0
168545224,,,0,0
168618679,,,0,0

169651939,,,0,0
169893008,,,0,0


170714962,,,0,0
171536032,,,0,0
172027939,,,0,0


172813774,,,0,0





175754884,,,0,0






178649760,,,0,0



180809721,,,0,0








184832587,,,0,0
184901854,,,0,0


185770382,,,0,0

186398493,,,0,0
186753422,,,0,0
187293050,,,0,0


188286487,,,0,0















195725091,,,0,0

195821001,,,0,0

196519732,,,0,0


198091768,,,0,0


198501474,,,0,0
198553872,,,0,0









202663824,,,0,0
202711799,,,0,0



203915931,,,0,0




205347422,,,0,0







209256249,,,0,0
210913726,,,0,0
211784089,,,0,0



212902316,,,0,0







215244878,,,0,0





215717064,,,0,0
















221378939,,,0,0
221876663,,,0,0
222025502,,,0,0
222195288,,,0,0

222796712,,,0,0





223962085,,,0,0


224671737,,,0,0








227404973,,,0,0
227693129,,,0,0
228064970,,,0,0

228139872,,,0,0

228713994,,,0,0





230223175,,,0,0


230519896,,,0,0

231200148,,,0,0

231464178,,,0,0



231979544,,,0,0
232271679,,,0,0

232804253,,,0,0
233282905,,,0,0




234808501,,,0,0





235997393,,,0,0





236795625,,,0,0

237442509,,,0,0
238192024,,,0,0
238283559,,,0,0
238572100,,,0,0
238583549,,,0,0



239407498,,,0,0
239507673,,,0,0

239995395,,,0,0

240251456,,,0,0
240273354,,,0,0
240333454,,,0,0
240577488,,,0,0





241573448,,,0,0









243344463,,,0,0


244219563,,,0,0



245324273,,,0,0

245451134,,,0,0








247805055,,,0,0








250284716,,,0,0



250733559,,,0,0
251628108,,,0,0
252091065,,,0,0
252137298,,,0,0






253716047,,,0,0
253743179,,,0,0
254446929,,,0,0

254701704,,,0,0

256660286,,,0,0
256699154,,,0,0



257960657,,,0,0
257989053,,,0,0



262075110,,,0,0


262612808,,,0,0


265300428,,,0,0
265557561,,,0,0
266206361,,,0,0


266790456,,,0,0

267144659,,,0,0
267150806,,,0,0

267964453,,,0,0

268915660,,,0,0

269806191,,,0,0
269956104,,,0,0
269988352,,,0,0
270002180,,,0,0





271542709,,,0,0

272052911,,,0,0
272419626,,,0,0

272912815,,,0,0


273594167,,,0,0



274892359,,,0,0
275016552,,,0,0
275131489,,,0,0
275219939,,,0,0

276172498,,,0,0

276474984,,,0,0
276559573,,,0,0


277010527,,,0,0
277028676,,,0,0
277033159,,,0,0
277419945,,,0,0
278059518,,,0,0

278904163,,,0,0
279089279,,,0,0
279157988,,,0,0



279960163,,,0,0
280154447,,,0,0


282073183,,,0,0
282103829,,,0,0
282127580,,,0,0





285200267,,,0,0
285593865,,,0,0
286111088,,,0,0
287163258,,,0,0

287590815,,,0,0
287656380,,,0,0




289854647,,,0,0

290874116,,,0,0


293147778,,,0,0



293667635,,,0,0
294488868,,,0,0

295602652,,,0,0
295684069,,,0,0
296890808,,,0,0
297591649,,,0,0
297911684,,,0,0
298023328,,,0,0
298570058,,,0,0

298696128,,,0,0
298730693,,,0,0
299161058,,,0,0

300104512,,,0,0



300781277,,,0,0
301054420,,,0,0


301578685,,,0,0

301961530,,,0,0
302638562,,,0,0
302712782,,,0,0



303392313,,,0,0
303893949,,,0,0






307806454,,,0,0


308546192,,,0,0



309185535,,,0,0

310412231,,,0,0



312141914,,,0,0
312148769,,,0,0
312154424,,,0,0
312509276,,,0,0

312658415,,,0,0
313357932,,,0,0

314547600,,,0,0


315754939,,,0,0
315799780,,,0,0
315832524,,,0,0
316031720,,,0,0







320327766,,,0,0
320805621,,,0,0

321877826,,,0,0


322540145,,,0,0



324540286,,,0,0
324970205,,,0,0
324976076,,,0,0


328143509,,,0,0


328644853,,,0,0

330243344,,,0,0

330428687,,,0,0

332162530,,,0,0


332511451,,,0,0




334623071,,,0,0
334645202,,,0,0
335369168,,,0,0

336683391,,,0,0

337189726,,,0,0

337622704,,,0,0
337641859,,,0,0


338556720,,,0,0

340946065,,,0,0

341410267,,,0,0


342895553,,,0,0



344822539,,,0,0





349815027,,,0,0






353442866,,,0,0
353580341,,,0,0

353717429,,,0,0
354397688,,,0,0




356370550,,,0,0







359644576,,,0,0
359884769,,,0,0



360796392,,,0,0

362633729,,,0,0


364392920,,,0,0
365175703,,,0,0
365374423,,,0,0

366507969,,,0,0







371376582,,,0,0
371472842,,,0,0

371793689,,,0,0
371908434,,,0,0
372421336,,,0,0

372459620,,,0,0
372774372,,,0,0

373274598,,,0,0
373290176,,,0,0



376290144,,,0,0
376381329,,,0,0

377964875,,,0,0
378074149,,,0,0


379129280,,,0,0

380383582,,,0,0



381515350,,,0,0
382709550,,,0,0


384222612,,,0,0
384502029,,,0,0

385412610,,,0,0


387046669,,,0,0

387620273,,,0,0
387858456,,,0,0
388207349,,,0,0





390014133,,,0,0
390748300,,,0,0
390805970,,,0,0



391523135,,,0,0


392637043,,,0,0
392869278,,,0,0


395294661,,,0,0


395839605,,,0,0
395873097,,,0,0

397239135,,,0,0




399396071,,,0,0

400955680,,,0,0






405403611,,,0,0

406155508,,,0,0

408698333,,,0,0
410568018,,,0,0
411427227,,,0,0

411754345,,,0,0







415990374,,,0,0






419748088,,,0,0







424987871,,,0,0



427813592,,,0,0


431606053,,,0,0


433258475,,,0,0
433379727,,,0,0
433409217,,,0,0




434858816,,,0,0



438224450,,,0,0

441864938,,,0,0


442969176,,,0,0

444009737,,,0,0




449121312,,,0,0
449904521,,,0,0

452891277,,,0,0
454232521,,,0,0


455879730,,,0,0
456666360,,,0,0

457503505,,,0,0

458393958,,,0,0
458697303,,,0,0







465466914,,,0,0



470253259,,,0,0
470948920,,,0,0



475088002,,,0,0


476964339,,,0,0
477488730,,,0,0
477636888,,,0,0
479671864,,,0,0
480313987,,,0,0


483289450,,,0,0
483835561,,,0,0
484211835,,,0,0
485603315,,,0,0

487367366,,,0,0

487571714,,,0,0


490494168,,,0,0
490716158,,,0,0

492309391,,,0,0

494949575,,,0,0
496812682,,,0,0
496978118,,,0,0




499916278,,,0,0
500805893,,,0,0

501118320,,,0,0



507534920,,,0,0
508018809,,,0,0





515922268,,,0,0

517574499,,,0,0







524494259,,,0,0
525269396,,,0,0


528452360,,,0,0


533288483,,,0,0
533352500,,,0,0
535602598,,,0,0

537848786,,,0,0
540616919,,,0,0



544399925,,,0,0


545364543,,,0,0

547759278,,,0,0


549184669,,,0,0

549349590,,,0,0



550890452,,,0,0
550914757,,,0,0




556185880,,,0,0
557180187,,,0,0
557505271,,,0,0
560384517,,,0,0
562922174,,,0,0
566761647,,,0,0



571842298,,,0,0
572673038,,,0,0

575178617,,,0,0
575466578,,,0,0
575607274,,,0,0

580993225,,,0,0
582486775,,,0,0
586758095,,,0,0
587536608,,,0,0

590867344,,,0,0


595345631,,,0,0

597302891,,,0,0
597698724,,,0,0




602022904,,,0,0
604467913,,,0,0



610147994,,,0,0

610979961,,,0,0
611951630,,,0,0


614704116,,,0,0
615557635,,,0,0

615851699,,,0,0
617059211,,,0,0


619816993,,,0,0

624893120,,,0,0





628163237,,,0,0
630108874,,,0,0


632125953,,,0,0




636376527,,,0,0


706769683,,,0,0
706873086,,,0,0




721700005,,,0,0

725786126,,,0,0
726101719,,,0,0


741467364,,,0,0




761011838,,,0,0
761422368,,,0,0





770831928,,,0,0




778873310,,,0,0


782362104,,,0,0

782956849,,,0,0



792094002,,,0,0





805385406,,,0,0
806285089,,,0,0



819007754,,,0,0
819433212,,,0,0
823556348,,,0,0
823567764,,,0,0
823967346,,,0,0
825307124,,,0,0

831682166,,,0,0


833827111,,,0,0




843731311,,,0,0
844180320,,,0,0
845251388,,,0,0

845913524,,,0,0


854776753,,,0,0

860180906,,,0,0
862621196,,,0,0



868446667,,,0,0



875958745,,,0,0





881961732,,,0,0
882258013,,,0,0
882386683,,,0,0

882790518,,,0,0

887608946,,,0,0


891823092,,,0,0
896144580,,,0,0
897353053,,,0,0
897744330,,,0,0

902236028,,,0,0

908159911,,,0,0
908768876,,,0,0

917526667,,,0,0


921738354,,,0,0







934016965,,,0,0
934111202,,,0,0





950318654,,,0,0




962140483,,,0,0

966020636,,,0,0



969798445,,,0,0


978958279,,,0,0



983402586,,,0,0
985391850,,,0,0
987035370,,,0,0
989080964,,,0,0

989500736,,,0,0
