2076	52.707289	4.703257	ADCDA
1112	53.0848551	4.8769296	ADDAA
2955	52.8399444	4.9776804	ADDAC
1176	52.9383404	5.44393137	ADDBD
1259	53.3025	5.72	BCACB
2683	53.35768475	6.4289062	BCBCB
3167	53.32570184	6.66611527	BCBDB
3351	52.913156	6.079076	BCCBD
3439	52.5224225	5.7150003	BCCCD
3230	52.9475701	6.4464106	BCDBC
428	52.93871839	6.67638175	BCDBD
2996	52.7935793	6.7276458	BCDDB
2684	53.2845777	7.0415773	BDACB
2381	53.36648178	7.20320511	BDADA
3307	53.14802641	7.11461289	BDADC
259	53.218439	7.36997786	BDADD
2012	52.867177	7.0596579	BDCAD
92	51.6158484	4.160183	CADBD
196	51.31982511	3.69376467	CADCC
1555	51.4166474	4.1836994	CADDB
1497	51.31485093	4.40295205	CBCCC
1699	52.38065246	5.77622294	DAAAB
1908	52.18153678	5.96158737	DAADA
1636	52.1815906	5.9690153	DAADB
522	52.4644481	6.3819354	DABAB
2455	52.28308838	6.43176641	DABAD
231	52.1180856	6.5637236	DABDA
1642	51.96854324	6.71912382	DABDD
1693	51.8699001	6.0813168	DACBB
472	51.28661974	6.28600896	DADCD
2680	52.3983201	7.0271991	DBAAB
690	50.78293677	6.14467944	DCBCA
