58	(BCAC,BCAD)	(53.125,53.4375,5.5,5.8125,53.125,53.4375,5.8125,6.125)
59	(BCAD,BCAC)	(53.125,53.4375,5.8125,6.125,53.125,53.4375,5.5,5.8125)
29	(BCCA,BCCBC)	(52.8125,53.125,5.5,5.8125,52.8125,52.96875,5.8125,5.96875)
30	(BCCBC,BCCA)	(52.8125,52.96875,5.8125,5.96875,52.8125,53.125,5.5,5.8125)
28	(BCCDDDD,DAABB)	(52.5,52.5390625,6.0859375,6.125,52.34375,52.5,5.96875,6.125)
35	(CBAA,CBACBA)	(52.1875,52.5,4.25,4.5625,52.109375,52.1875,4.40625,4.484375)
33	(CBACBA,CBAA)	(52.109375,52.1875,4.40625,4.484375,52.1875,52.5,4.25,4.5625)
27	(CBBAACCBAA,CBBAACCBAC)	(52.3779296875,52.3828125,4.89453125,4.8994140625,52.373046875,52.3779296875,4.89453125,4.8994140625)
37	(CBBACB,CBBADA)	(52.265625,52.34375,4.953125,5.03125,52.265625,52.34375,5.03125,5.109375)
35	(CBBADA,CBBACB)	(52.265625,52.34375,5.03125,5.109375,52.265625,52.34375,4.953125,5.03125)
39	(CBBADD,CBBBC)	(52.1875,52.265625,5.109375,5.1875,52.1875,52.34375,5.1875,5.34375)
34	(CBBBC,CBBADD)	(52.1875,52.34375,5.1875,5.34375,52.1875,52.265625,5.109375,5.1875)
26	(CDAAAB,CDAABAAC)	(51.171875,51.25,4.328125,4.40625,51.2109375,51.23046875,4.40625,4.42578125)
33	(DAABB,BCCDDDD)	(52.34375,52.5,5.96875,6.125,52.5,52.5390625,6.0859375,6.125)
54	(DAABC,DAABD)	(52.1875,52.34375,5.8125,5.96875,52.1875,52.34375,5.96875,6.125)
55	(DAABD,DAABC)	(52.1875,52.34375,5.96875,6.125,52.1875,52.34375,5.8125,5.96875)
56	(DAACC,DAACD)	(51.875,52.03125,5.5,5.65625,51.875,52.03125,5.65625,5.8125)
53	(DAACD,DAACC)	(51.875,52.03125,5.65625,5.8125,51.875,52.03125,5.5,5.65625)
44	(DAADCB,DAADD)	(51.953125,52.03125,5.890625,5.96875,51.875,52.03125,5.96875,6.125)
43	(DAADD,DAADCB)	(51.875,52.03125,5.96875,6.125,51.953125,52.03125,5.890625,5.96875)
28	(DACAB,DACBAA)	(51.71875,51.875,5.65625,5.8125,51.796875,51.875,5.8125,5.890625)
28	(DACBAA,DACAB)	(51.796875,51.875,5.8125,5.890625,51.71875,51.875,5.65625,5.8125)
36	(DACCA,DACCB)	(51.40625,51.5625,5.5,5.65625,51.40625,51.5625,5.65625,5.8125)
32	(DACCB,DACCA)	(51.40625,51.5625,5.65625,5.8125,51.40625,51.5625,5.5,5.65625)
32	(DACD,DAD)	(51.25,51.5625,5.8125,6.125,51.25,51.875,6.125,6.75)
29	(DAD,DACD)	(51.25,51.875,6.125,6.75,51.25,51.5625,5.8125,6.125)
31	(DBAACDC,DBAACDD)	(52.1875,52.2265625,6.828125,6.8671875,52.1875,52.2265625,6.8671875,6.90625)
31	(DBAACDD,DBAACDC)	(52.1875,52.2265625,6.8671875,6.90625,52.1875,52.2265625,6.828125,6.8671875)
32	(DBAACDD,DBAAD)	(52.1875,52.2265625,6.8671875,6.90625,52.1875,52.34375,6.90625,7.0625)
33	(DBAAD,DBAACDD)	(52.1875,52.34375,6.90625,7.0625,52.1875,52.2265625,6.8671875,6.90625)
