38	(BCAC,BCAD)	(53.125,53.4375,5.5,5.8125,53.125,53.4375,5.8125,6.125)
34	(BCAD,BCAC)	(53.125,53.4375,5.8125,6.125,53.125,53.4375,5.5,5.8125)
23	(BCCA,BCCDB)	(52.8125,53.125,5.5,5.8125,52.65625,52.8125,5.96875,6.125)
21	(BCCBB,BCAD)	(52.96875,53.125,5.96875,6.125,53.125,53.4375,5.8125,6.125)
24	(BCCDB,BCCA)	(52.65625,52.8125,5.96875,6.125,52.8125,53.125,5.5,5.8125)
21	(BCDD,BDCC)	(52.5,52.8125,6.4375,6.75,52.5,52.8125,6.75,7.0625)
23	(BDCC,BCDD)	(52.5,52.8125,6.75,7.0625,52.5,52.8125,6.4375,6.75)
29	(CBACADA,CBACADB)	(52.0703125,52.109375,4.328125,4.3671875,52.0703125,52.109375,4.3671875,4.40625)
27	(CBACADB,CBACADA)	(52.0703125,52.109375,4.3671875,4.40625,52.0703125,52.109375,4.328125,4.3671875)
28	(CBACCD,CBACDCA)	(51.875,51.953125,4.328125,4.40625,51.9140625,51.953125,4.40625,4.4453125)
31	(CBACDCA,CBACCD)	(51.9140625,51.953125,4.40625,4.4453125,51.875,51.953125,4.328125,4.40625)
42	(CBBACB,CBBADA)	(52.265625,52.34375,4.953125,5.03125,52.265625,52.34375,5.03125,5.109375)
42	(CBBADA,CBBACB)	(52.265625,52.34375,5.03125,5.109375,52.265625,52.34375,4.953125,5.03125)
25	(CBCBAA,CBCBAB)	(51.796875,51.875,4.5625,4.640625,51.796875,51.875,4.640625,4.71875)
21	(CBCD,CBCBC)	(51.25,51.5625,4.5625,4.875,51.5625,51.71875,4.5625,4.71875)
21	(CBDDBDA,CBDDBDB)	(51.4453125,51.484375,5.421875,5.4609375,51.4453125,51.484375,5.4609375,5.5)
21	(CBDDBDB,CBDDBDA)	(51.4453125,51.484375,5.4609375,5.5,51.4453125,51.484375,5.421875,5.4609375)
25	(DAABC,DAABD)	(52.1875,52.34375,5.8125,5.96875,52.1875,52.34375,5.96875,6.125)
24	(DAABD,DAABC)	(52.1875,52.34375,5.96875,6.125,52.1875,52.34375,5.8125,5.96875)
30	(DAACA,DAACC)	(52.03125,52.1875,5.5,5.65625,51.875,52.03125,5.5,5.65625)
29	(DAACC,DAACA)	(51.875,52.03125,5.5,5.65625,52.03125,52.1875,5.5,5.65625)
40	(DAADCB,DAADD)	(51.953125,52.03125,5.890625,5.96875,51.875,52.03125,5.96875,6.125)
37	(DAADD,DAADCB)	(51.875,52.03125,5.96875,6.125,51.953125,52.03125,5.890625,5.96875)
28	(DABCC,DABCD)	(51.875,52.03125,6.125,6.28125,51.875,52.03125,6.28125,6.4375)
32	(DABCD,DABCC)	(51.875,52.03125,6.28125,6.4375,51.875,52.03125,6.125,6.28125)
23	(DBAACC,DBAACDD)	(52.1875,52.265625,6.75,6.828125,52.1875,52.2265625,6.8671875,6.90625)
30	(DBAACDD,DBAAD)	(52.1875,52.2265625,6.8671875,6.90625,52.1875,52.34375,6.90625,7.0625)
30	(DBAAD,DBAACDD)	(52.1875,52.34375,6.90625,7.0625,52.1875,52.2265625,6.8671875,6.90625)
21	(DCADA,DCADB)	(50.78125,50.9375,5.8125,5.96875,50.78125,50.9375,5.96875,6.125)
23	(DCADB,DCADA)	(50.78125,50.9375,5.96875,6.125,50.78125,50.9375,5.8125,5.96875)
