37	(ADCDB,ADCDD)	(52.65625,52.8125,4.71875,4.875,52.5,52.65625,4.71875,4.875)
31	(ADCDD,ADCDB)	(52.5,52.65625,4.71875,4.875,52.65625,52.8125,4.71875,4.875)
63	(BCAC,BCAD)	(53.125,53.4375,5.5,5.8125,53.125,53.4375,5.8125,6.125)
59	(BCAD,BCAC)	(53.125,53.4375,5.8125,6.125,53.125,53.4375,5.5,5.8125)
29	(BCCDDDD,DAABB)	(52.5,52.5390625,6.0859375,6.125,52.34375,52.5,5.96875,6.125)
31	(CBAA,CBACBA)	(52.1875,52.5,4.25,4.5625,52.109375,52.1875,4.40625,4.484375)
31	(CBACBA,CBAA)	(52.109375,52.1875,4.40625,4.484375,52.1875,52.5,4.25,4.5625)
36	(CBBADD,CBBBC)	(52.1875,52.265625,5.109375,5.1875,52.1875,52.34375,5.1875,5.34375)
39	(CBBBC,CBBADD)	(52.1875,52.34375,5.1875,5.34375,52.1875,52.265625,5.109375,5.1875)
49	(CBBBD,CBBDBA)	(52.1875,52.34375,5.34375,5.5,52.109375,52.1875,5.34375,5.421875)
47	(CBBDBA,CBBBD)	(52.109375,52.1875,5.34375,5.421875,52.1875,52.34375,5.34375,5.5)
26	(CBCBDD,CBCBDC)	(51.5625,51.640625,4.796875,4.875,51.5625,51.640625,4.71875,4.796875)
28	(CBDADC,CBDCB)	(51.5625,51.640625,5.03125,5.109375,51.40625,51.5625,5.03125,5.1875)
27	(DAABB,BCCDDDD)	(52.34375,52.5,5.96875,6.125,52.5,52.5390625,6.0859375,6.125)
78	(DAABC,DAABD)	(52.1875,52.34375,5.8125,5.96875,52.1875,52.34375,5.96875,6.125)
74	(DAABD,DAABC)	(52.1875,52.34375,5.96875,6.125,52.1875,52.34375,5.8125,5.96875)
27	(DAACC,DAACD)	(51.875,52.03125,5.5,5.65625,51.875,52.03125,5.65625,5.8125)
29	(DAACD,DAACC)	(51.875,52.03125,5.65625,5.8125,51.875,52.03125,5.5,5.65625)
62	(DAADCB,DAADD)	(51.953125,52.03125,5.890625,5.96875,51.875,52.03125,5.96875,6.125)
55	(DAADD,DAADCB)	(51.875,52.03125,5.96875,6.125,51.953125,52.03125,5.890625,5.96875)
31	(DACAB,DACBAA)	(51.71875,51.875,5.65625,5.8125,51.796875,51.875,5.8125,5.890625)
35	(DACBAA,DACAB)	(51.796875,51.875,5.8125,5.890625,51.71875,51.875,5.65625,5.8125)
48	(DACCA,DACCB)	(51.40625,51.5625,5.5,5.65625,51.40625,51.5625,5.65625,5.8125)
46	(DACCB,DACCA)	(51.40625,51.5625,5.65625,5.8125,51.40625,51.5625,5.5,5.65625)
44	(DBAACA,DBAACC)	(52.265625,52.34375,6.75,6.828125,52.1875,52.265625,6.75,6.828125)
44	(DBAACC,DBAACA)	(52.1875,52.265625,6.75,6.828125,52.265625,52.34375,6.75,6.828125)
29	(DBAACDC,DBAACDD)	(52.1875,52.2265625,6.828125,6.8671875,52.1875,52.2265625,6.8671875,6.90625)
28	(DBAACDD,DBAACDC)	(52.1875,52.2265625,6.8671875,6.90625,52.1875,52.2265625,6.828125,6.8671875)
45	(DBAACDD,DBAAD)	(52.1875,52.2265625,6.8671875,6.90625,52.1875,52.34375,6.90625,7.0625)
46	(DBAAD,DBAACDD)	(52.1875,52.34375,6.90625,7.0625,52.1875,52.2265625,6.8671875,6.90625)
