29	(ADCDD,CBABBA)	(52.5,52.65625,4.71875,4.875,52.421875,52.5,4.71875,4.796875)
53	(BCAC,BCAD)	(53.125,53.4375,5.5,5.8125,53.125,53.4375,5.8125,6.125)
50	(BCAD,BCAC)	(53.125,53.4375,5.8125,6.125,53.125,53.4375,5.5,5.8125)
30	(BCCC,CBBBB)	(52.5,52.8125,5.5,5.8125,52.34375,52.5,5.34375,5.5)
30	(BCCDDDD,DAABB)	(52.5,52.5390625,6.0859375,6.125,52.34375,52.5,5.96875,6.125)
29	(BCDCC,DAAAB)	(52.5,52.65625,6.125,6.28125,52.34375,52.5,5.65625,5.8125)
29	(CAC,CADC)	(51.25,51.875,3.0,3.625,51.25,51.5625,3.625,3.9375)
27	(CADC,CAC)	(51.25,51.5625,3.625,3.9375,51.25,51.875,3.0,3.625)
28	(CBAA,CBACBA)	(52.1875,52.5,4.25,4.5625,52.109375,52.1875,4.40625,4.484375)
27	(CBABBA,ADCDD)	(52.421875,52.5,4.71875,4.796875,52.5,52.65625,4.71875,4.875)
26	(CBABBA,CBABBB)	(52.421875,52.5,4.71875,4.796875,52.421875,52.5,4.796875,4.875)
28	(CBABBB,CBABBA)	(52.421875,52.5,4.796875,4.875,52.421875,52.5,4.71875,4.796875)
31	(CBABBDC,CBBAACD)	(52.34375,52.3828125,4.796875,4.8359375,52.34375,52.3828125,4.9140625,4.953125)
27	(CBACBA,CBAA)	(52.109375,52.1875,4.40625,4.484375,52.1875,52.5,4.25,4.5625)
30	(CBACDDB,CBADCC)	(51.9140625,51.953125,4.5234375,4.5625,51.875,51.953125,4.5625,4.640625)
34	(CBADCC,CBACDDB)	(51.875,51.953125,4.5625,4.640625,51.9140625,51.953125,4.5234375,4.5625)
34	(CBBAACD,CBABBDC)	(52.34375,52.3828125,4.9140625,4.953125,52.34375,52.3828125,4.796875,4.8359375)
28	(CBBBB,BCCC)	(52.34375,52.5,5.34375,5.5,52.5,52.8125,5.5,5.8125)
26	(CBBBD,CBBDBA)	(52.1875,52.34375,5.34375,5.5,52.109375,52.1875,5.34375,5.421875)
41	(CBBCBCD,CBBCD)	(52.03125,52.0703125,5.0703125,5.109375,51.875,52.03125,5.03125,5.1875)
39	(CBBCD,CBBCBCD)	(51.875,52.03125,5.03125,5.1875,52.03125,52.0703125,5.0703125,5.109375)
26	(CBCBAD,CBCBAB)	(51.71875,51.796875,4.640625,4.71875,51.796875,51.875,4.640625,4.71875)
28	(DAAAB,BCDCC)	(52.34375,52.5,5.65625,5.8125,52.5,52.65625,6.125,6.28125)
33	(DAABB,BCCDDDD)	(52.34375,52.5,5.96875,6.125,52.5,52.5390625,6.0859375,6.125)
45	(DAABC,DAABD)	(52.1875,52.34375,5.8125,5.96875,52.1875,52.34375,5.96875,6.125)
47	(DAABD,DAABC)	(52.1875,52.34375,5.96875,6.125,52.1875,52.34375,5.8125,5.96875)
30	(DAADCB,DAADD)	(51.953125,52.03125,5.890625,5.96875,51.875,52.03125,5.96875,6.125)
27	(DAADD,DAADCB)	(51.875,52.03125,5.96875,6.125,51.953125,52.03125,5.890625,5.96875)
41	(DACCA,DACCB)	(51.40625,51.5625,5.5,5.65625,51.40625,51.5625,5.65625,5.8125)
39	(DACCB,DACCA)	(51.40625,51.5625,5.65625,5.8125,51.40625,51.5625,5.5,5.65625)
