28	(ADCDC,BCDD)	(52.5,52.65625,4.5625,4.71875,52.5,52.8125,6.4375,6.75)
23	(BCAC,BCAD)	(53.125,53.4375,5.5,5.8125,53.125,53.4375,5.8125,6.125)
24	(BCCA,BCCBA)	(52.8125,53.125,5.5,5.8125,52.96875,53.125,5.8125,5.96875)
24	(BCCBA,BCCA)	(52.96875,53.125,5.8125,5.96875,52.8125,53.125,5.5,5.8125)
27	(BCCBD,BCDA)	(52.8125,52.96875,5.96875,6.125,52.8125,53.125,6.125,6.4375)
25	(BCDA,BCCBD)	(52.8125,53.125,6.125,6.4375,52.8125,52.96875,5.96875,6.125)
29	(BCDD,ADCDC)	(52.5,52.8125,6.4375,6.75,52.5,52.65625,4.5625,4.71875)
25	(CADA,CADC)	(51.5625,51.875,3.625,3.9375,51.25,51.5625,3.625,3.9375)
24	(CADC,CADA)	(51.25,51.5625,3.625,3.9375,51.5625,51.875,3.625,3.9375)
24	(CBACDDB,CBACDDD)	(51.9140625,51.953125,4.5234375,4.5625,51.875,51.9140625,4.5234375,4.5625)
23	(CBACDDD,CBACDDB)	(51.875,51.9140625,4.5234375,4.5625,51.9140625,51.953125,4.5234375,4.5625)
26	(CBBAB,CBBBA)	(52.34375,52.5,5.03125,5.1875,52.34375,52.5,5.1875,5.34375)
25	(CBBBA,CBBAB)	(52.34375,52.5,5.1875,5.34375,52.34375,52.5,5.03125,5.1875)
21	(CBDBCB,CBDBCD)	(51.640625,51.71875,5.265625,5.34375,51.5625,51.640625,5.265625,5.34375)
23	(CBDBCD,CBDBCB)	(51.5625,51.640625,5.265625,5.34375,51.640625,51.71875,5.265625,5.34375)
23	(CBDDBB,DACCB)	(51.484375,51.5625,5.421875,5.5,51.40625,51.5625,5.65625,5.8125)
36	(CBDDBDA,CBDDBDB)	(51.4453125,51.484375,5.421875,5.4609375,51.4453125,51.484375,5.4609375,5.5)
36	(CBDDBDB,CBDDBDA)	(51.4453125,51.484375,5.4609375,5.5,51.4453125,51.484375,5.421875,5.4609375)
20	(CDAB,CDAABB)	(50.9375,51.25,4.5625,4.875,51.171875,51.25,4.484375,4.5625)
27	(DAABC,DAABD)	(52.1875,52.34375,5.8125,5.96875,52.1875,52.34375,5.96875,6.125)
31	(DAABD,DAABC)	(52.1875,52.34375,5.96875,6.125,52.1875,52.34375,5.8125,5.96875)
25	(DAADCB,DAADD)	(51.953125,52.03125,5.890625,5.96875,51.875,52.03125,5.96875,6.125)
23	(DAADD,DAADCB)	(51.875,52.03125,5.96875,6.125,51.953125,52.03125,5.890625,5.96875)
52	(DACCA,DACCB)	(51.40625,51.5625,5.5,5.65625,51.40625,51.5625,5.65625,5.8125)
24	(DACCB,CBDDBB)	(51.40625,51.5625,5.65625,5.8125,51.484375,51.5625,5.421875,5.5)
42	(DACCB,DACCA)	(51.40625,51.5625,5.65625,5.8125,51.40625,51.5625,5.5,5.65625)
25	(DBAACDC,DBAACDD)	(52.1875,52.2265625,6.828125,6.8671875,52.1875,52.2265625,6.8671875,6.90625)
24	(DBAACDD,DBAACDC)	(52.1875,52.2265625,6.8671875,6.90625,52.1875,52.2265625,6.828125,6.8671875)
27	(DCABC,DCAC)	(50.9375,51.09375,5.8125,5.96875,50.625,50.9375,5.5,5.8125)
24	(DCAC,DCABC)	(50.625,50.9375,5.5,5.8125,50.9375,51.09375,5.8125,5.96875)
