31	(DAABD,DAABC)	(52.1875,52.34375,5.96875,6.125,52.1875,52.34375,5.8125,5.96875)
29	(DAABC,DAABD)	(52.1875,52.34375,5.8125,5.96875,52.1875,52.34375,5.96875,6.125)
28	(CBACBA,CBAA)	(52.109375,52.1875,4.40625,4.484375,52.1875,52.5,4.25,4.5625)
28	(DBAACDC,DBAACDD)	(52.1875,52.2265625,6.828125,6.8671875,52.1875,52.2265625,6.8671875,6.90625)
26	(CBAA,CBACBA)	(52.1875,52.5,4.25,4.5625,52.109375,52.1875,4.40625,4.484375)
26	(CBACBB,CBACBA)	(52.109375,52.1875,4.484375,4.5625,52.109375,52.1875,4.40625,4.484375)
25	(DBAACDD,DBAACDC)	(52.1875,52.2265625,6.8671875,6.90625,52.1875,52.2265625,6.828125,6.8671875)
24	(CBACBA,CBACBB)	(52.109375,52.1875,4.40625,4.484375,52.109375,52.1875,4.484375,4.5625)
23	(CBBACB,CBBADA)	(52.265625,52.34375,4.953125,5.03125,52.265625,52.34375,5.03125,5.109375)
23	(CBBADA,CBBACB)	(52.265625,52.34375,5.03125,5.109375,52.265625,52.34375,4.953125,5.03125)
17	(BCBDCBD,BCDB)	(53.203125,53.2421875,6.5546875,6.59375,52.8125,53.125,6.4375,6.75)
17	(CADD,CADC)	(51.25,51.5625,3.9375,4.25,51.25,51.5625,3.625,3.9375)
17	(CBCBC,CBCD)	(51.5625,51.71875,4.5625,4.71875,51.25,51.5625,4.5625,4.875)
16	(CBCD,CBCBC)	(51.25,51.5625,4.5625,4.875,51.5625,51.71875,4.5625,4.71875)
16	(BCDB,BCBDCBD)	(52.8125,53.125,6.4375,6.75,53.203125,53.2421875,6.5546875,6.59375)
16	(CADC,CADD)	(51.25,51.5625,3.625,3.9375,51.25,51.5625,3.9375,4.25)
16	(CBABBA,ADCDD)	(52.421875,52.5,4.71875,4.796875,52.5,52.65625,4.71875,4.875)
16	(CDAABAAD,CDAABAAC)	(51.2109375,51.23046875,4.42578125,4.4453125,51.2109375,51.23046875,4.40625,4.42578125)
15	(CBDCB,CBDADC)	(51.40625,51.5625,5.03125,5.1875,51.5625,51.640625,5.03125,5.109375)
15	(CBBBD,CBBDBA)	(52.1875,52.34375,5.34375,5.5,52.109375,52.1875,5.34375,5.421875)
15	(CBABAD,CBABAC)	(52.34375,52.421875,4.640625,4.71875,52.34375,52.421875,4.5625,4.640625)
15	(BCAD,BCAC)	(53.125,53.4375,5.8125,6.125,53.125,53.4375,5.5,5.8125)
15	(DACCB,DACCA)	(51.40625,51.5625,5.65625,5.8125,51.40625,51.5625,5.5,5.65625)
14	(BCAC,BCAD)	(53.125,53.4375,5.5,5.8125,53.125,53.4375,5.8125,6.125)
14	(DACCA,DACCB)	(51.40625,51.5625,5.5,5.65625,51.40625,51.5625,5.65625,5.8125)
14	(ADCDD,CBABBA)	(52.5,52.65625,4.71875,4.875,52.421875,52.5,4.71875,4.796875)
14	(CBDBB,CBDBD)	(51.71875,51.875,5.34375,5.5,51.5625,51.71875,5.34375,5.5)
14	(CBBDBA,CBBBD)	(52.109375,52.1875,5.34375,5.421875,52.1875,52.34375,5.34375,5.5)
14	(CDAABAAC,CDAABAAD)	(51.2109375,51.23046875,4.40625,4.42578125,51.2109375,51.23046875,4.42578125,4.4453125)
13	(DBAACDD,DBAAD)	(52.1875,52.2265625,6.8671875,6.90625,52.1875,52.34375,6.90625,7.0625)
