74	(DAABD,DAABC)	(52.1875,52.34375,5.96875,6.125,52.1875,52.34375,5.8125,5.96875)
68	(DAABC,DAABD)	(52.1875,52.34375,5.8125,5.96875,52.1875,52.34375,5.96875,6.125)
49	(DAADD,DAADCB)	(51.875,52.03125,5.96875,6.125,51.953125,52.03125,5.890625,5.96875)
46	(DAADCB,DAADD)	(51.953125,52.03125,5.890625,5.96875,51.875,52.03125,5.96875,6.125)
38	(BCAC,BCAD)	(53.125,53.4375,5.5,5.8125,53.125,53.4375,5.8125,6.125)
38	(BCCDDDC,BCCDDDD)	(52.5,52.5390625,6.046875,6.0859375,52.5,52.5390625,6.0859375,6.125)
37	(CBABAD,CBABAC)	(52.34375,52.421875,4.640625,4.71875,52.34375,52.421875,4.5625,4.640625)
37	(BCAD,BCAC)	(53.125,53.4375,5.8125,6.125,53.125,53.4375,5.5,5.8125)
34	(BCCDDDD,BCCDDDC)	(52.5,52.5390625,6.0859375,6.125,52.5,52.5390625,6.046875,6.0859375)
34	(CBABAC,CBABAD)	(52.34375,52.421875,4.5625,4.640625,52.34375,52.421875,4.640625,4.71875)
31	(CBACBD,CBACBC)	(52.03125,52.109375,4.484375,4.5625,52.03125,52.109375,4.40625,4.484375)
31	(CBACBC,CBACBD)	(52.03125,52.109375,4.40625,4.484375,52.03125,52.109375,4.484375,4.5625)
31	(DBAACB,DBAAD)	(52.265625,52.34375,6.828125,6.90625,52.1875,52.34375,6.90625,7.0625)
30	(DBAAD,DBAACB)	(52.1875,52.34375,6.90625,7.0625,52.265625,52.34375,6.828125,6.90625)
29	(CBACDB,CAB)	(51.953125,52.03125,4.484375,4.5625,51.875,52.5,3.625,4.25)
29	(DBAACDD,DBAAD)	(52.1875,52.2265625,6.8671875,6.90625,52.1875,52.34375,6.90625,7.0625)
29	(BCBDCBD,BCBDD)	(53.203125,53.2421875,6.5546875,6.59375,53.125,53.28125,6.59375,6.75)
28	(CAB,CBACDB)	(51.875,52.5,3.625,4.25,51.953125,52.03125,4.484375,4.5625)
28	(DBAAD,DBAACDD)	(52.1875,52.34375,6.90625,7.0625,52.1875,52.2265625,6.8671875,6.90625)
28	(CBACBA,CBAA)	(52.109375,52.1875,4.40625,4.484375,52.1875,52.5,4.25,4.5625)
27	(DAACC,DAACD)	(51.875,52.03125,5.5,5.65625,51.875,52.03125,5.65625,5.8125)
26	(DAACD,DAACC)	(51.875,52.03125,5.65625,5.8125,51.875,52.03125,5.5,5.65625)
26	(BCBDD,BCBDCBD)	(53.125,53.28125,6.59375,6.75,53.203125,53.2421875,6.5546875,6.59375)
26	(CBBACB,CBBADA)	(52.265625,52.34375,4.953125,5.03125,52.265625,52.34375,5.03125,5.109375)
26	(DACD,DAD)	(51.25,51.5625,5.8125,6.125,51.25,51.875,6.125,6.75)
26	(CBAA,CBACBA)	(52.1875,52.5,4.25,4.5625,52.109375,52.1875,4.40625,4.484375)
26	(DAD,DACD)	(51.25,51.875,6.125,6.75,51.25,51.5625,5.8125,6.125)
26	(CBBADA,CBBACB)	(52.265625,52.34375,5.03125,5.109375,52.265625,52.34375,4.953125,5.03125)
25	(DAACC,DAACA)	(51.875,52.03125,5.5,5.65625,52.03125,52.1875,5.5,5.65625)
24	(CBACBB,CBACBA)	(52.109375,52.1875,4.484375,4.5625,52.109375,52.1875,4.40625,4.484375)
