78	(DAABC,DAABD)	(52.1875,52.34375,5.8125,5.96875,52.1875,52.34375,5.96875,6.125)
74	(DAABD,DAABC)	(52.1875,52.34375,5.96875,6.125,52.1875,52.34375,5.8125,5.96875)
63	(BCAC,BCAD)	(53.125,53.4375,5.5,5.8125,53.125,53.4375,5.8125,6.125)
62	(DAADCB,DAADD)	(51.953125,52.03125,5.890625,5.96875,51.875,52.03125,5.96875,6.125)
59	(BCAD,BCAC)	(53.125,53.4375,5.8125,6.125,53.125,53.4375,5.5,5.8125)
55	(DAADD,DAADCB)	(51.875,52.03125,5.96875,6.125,51.953125,52.03125,5.890625,5.96875)
49	(CBBBD,CBBDBA)	(52.1875,52.34375,5.34375,5.5,52.109375,52.1875,5.34375,5.421875)
48	(DACCA,DACCB)	(51.40625,51.5625,5.5,5.65625,51.40625,51.5625,5.65625,5.8125)
47	(CBBDBA,CBBBD)	(52.109375,52.1875,5.34375,5.421875,52.1875,52.34375,5.34375,5.5)
46	(DBAAD,DBAACDD)	(52.1875,52.34375,6.90625,7.0625,52.1875,52.2265625,6.8671875,6.90625)
46	(DACCB,DACCA)	(51.40625,51.5625,5.65625,5.8125,51.40625,51.5625,5.5,5.65625)
45	(DBAACDD,DBAAD)	(52.1875,52.2265625,6.8671875,6.90625,52.1875,52.34375,6.90625,7.0625)
39	(CBBBC,CBBADD)	(52.1875,52.34375,5.1875,5.34375,52.1875,52.265625,5.109375,5.1875)
37	(ADCDB,ADCDD)	(52.65625,52.8125,4.71875,4.875,52.5,52.65625,4.71875,4.875)
36	(CBBADD,CBBBC)	(52.1875,52.265625,5.109375,5.1875,52.1875,52.34375,5.1875,5.34375)
35	(DACBAA,DACAB)	(51.796875,51.875,5.8125,5.890625,51.71875,51.875,5.65625,5.8125)
31	(DACAB,DACBAA)	(51.71875,51.875,5.65625,5.8125,51.796875,51.875,5.8125,5.890625)
31	(ADCDD,ADCDB)	(52.5,52.65625,4.71875,4.875,52.65625,52.8125,4.71875,4.875)
31	(CBACBA,CBAA)	(52.109375,52.1875,4.40625,4.484375,52.1875,52.5,4.25,4.5625)
31	(CBAA,CBACBA)	(52.1875,52.5,4.25,4.5625,52.109375,52.1875,4.40625,4.484375)
29	(DAACD,DAACC)	(51.875,52.03125,5.65625,5.8125,51.875,52.03125,5.5,5.65625)
28	(CBDADC,CBDCB)	(51.5625,51.640625,5.03125,5.109375,51.40625,51.5625,5.03125,5.1875)
27	(DAACC,DAACD)	(51.875,52.03125,5.5,5.65625,51.875,52.03125,5.65625,5.8125)
26	(CBDCB,CBDADC)	(51.40625,51.5625,5.03125,5.1875,51.5625,51.640625,5.03125,5.109375)
25	(DCADB,DCADA)	(50.78125,50.9375,5.96875,6.125,50.78125,50.9375,5.8125,5.96875)
22	(DCADA,DCADB)	(50.78125,50.9375,5.8125,5.96875,50.78125,50.9375,5.96875,6.125)
16	(CBABAC,CBABAD)	(52.34375,52.421875,4.5625,4.640625,52.34375,52.421875,4.640625,4.71875)
14	(CBABAD,CBABAC)	(52.34375,52.421875,4.640625,4.71875,52.34375,52.421875,4.5625,4.640625)
13	(BDA,BDCA)	(53.125,53.75,6.75,7.375,52.8125,53.125,6.75,7.0625)
9	(BDCA,BDA)	(52.8125,53.125,6.75,7.0625,53.125,53.75,6.75,7.375)
