61	(DAABD,DAABC)	(52.1875,52.34375,5.96875,6.125,52.1875,52.34375,5.8125,5.96875)
58	(DAABC,DAABD)	(52.1875,52.34375,5.8125,5.96875,52.1875,52.34375,5.96875,6.125)
53	(DAADCB,DAADD)	(51.953125,52.03125,5.890625,5.96875,51.875,52.03125,5.96875,6.125)
51	(BCAD,BCAC)	(53.125,53.4375,5.8125,6.125,53.125,53.4375,5.5,5.8125)
51	(BCAC,BCAD)	(53.125,53.4375,5.5,5.8125,53.125,53.4375,5.8125,6.125)
50	(DACCA,DACCB)	(51.40625,51.5625,5.5,5.65625,51.40625,51.5625,5.65625,5.8125)
50	(DAADD,DAADCB)	(51.875,52.03125,5.96875,6.125,51.953125,52.03125,5.890625,5.96875)
48	(DACCB,DACCA)	(51.40625,51.5625,5.65625,5.8125,51.40625,51.5625,5.5,5.65625)
44	(CBAA,CBACBA)	(52.1875,52.5,4.25,4.5625,52.109375,52.1875,4.40625,4.484375)
44	(DBAACDD,DBAAD)	(52.1875,52.2265625,6.8671875,6.90625,52.1875,52.34375,6.90625,7.0625)
42	(DCADA,DCADB)	(50.78125,50.9375,5.8125,5.96875,50.78125,50.9375,5.96875,6.125)
41	(DAACD,DAACC)	(51.875,52.03125,5.65625,5.8125,51.875,52.03125,5.5,5.65625)
39	(DBAAD,DBAACDD)	(52.1875,52.34375,6.90625,7.0625,52.1875,52.2265625,6.8671875,6.90625)
39	(CBACBA,CBAA)	(52.109375,52.1875,4.40625,4.484375,52.1875,52.5,4.25,4.5625)
39	(DCADB,DCADA)	(50.78125,50.9375,5.96875,6.125,50.78125,50.9375,5.8125,5.96875)
38	(CBACACBD,CBACADA)	(52.0703125,52.08984375,4.30859375,4.328125,52.0703125,52.109375,4.328125,4.3671875)
38	(DAACC,DAACD)	(51.875,52.03125,5.5,5.65625,51.875,52.03125,5.65625,5.8125)
37	(DCAA,DACCD)	(50.9375,51.25,5.5,5.8125,51.25,51.40625,5.65625,5.8125)
37	(CBACADA,CBACACBD)	(52.0703125,52.109375,4.328125,4.3671875,52.0703125,52.08984375,4.30859375,4.328125)
37	(CBBADD,CBBBC)	(52.1875,52.265625,5.109375,5.1875,52.1875,52.34375,5.1875,5.34375)
36	(CBBBC,CBBADD)	(52.1875,52.34375,5.1875,5.34375,52.1875,52.265625,5.109375,5.1875)
35	(CDAABAAC,CBCCD)	(51.2109375,51.23046875,4.40625,4.42578125,51.25,51.40625,4.40625,4.5625)
35	(DACCD,DCAA)	(51.25,51.40625,5.65625,5.8125,50.9375,51.25,5.5,5.8125)
34	(ADCDB,ADCDD)	(52.65625,52.8125,4.71875,4.875,52.5,52.65625,4.71875,4.875)
33	(ADCDD,ADCDB)	(52.5,52.65625,4.71875,4.875,52.65625,52.8125,4.71875,4.875)
33	(CBCCD,CDAABAAC)	(51.25,51.40625,4.40625,4.5625,51.2109375,51.23046875,4.40625,4.42578125)
33	(CBBDBA,CBBBD)	(52.109375,52.1875,5.34375,5.421875,52.1875,52.34375,5.34375,5.5)
31	(CBBBD,CBBDBA)	(52.1875,52.34375,5.34375,5.5,52.109375,52.1875,5.34375,5.421875)
30	(BCAD,BCBC)	(53.125,53.4375,5.8125,6.125,53.125,53.4375,6.125,6.4375)
30	(BCBC,BCAD)	(53.125,53.4375,6.125,6.4375,53.125,53.4375,5.8125,6.125)
