54	(BCAC,BCAD)	(53.125,53.4375,5.5,5.8125,53.125,53.4375,5.8125,6.125)
53	(BCAD,BCAC)	(53.125,53.4375,5.8125,6.125,53.125,53.4375,5.5,5.8125)
48	(DACCB,DACCA)	(51.40625,51.5625,5.65625,5.8125,51.40625,51.5625,5.5,5.65625)
47	(DACCA,DACCB)	(51.40625,51.5625,5.5,5.65625,51.40625,51.5625,5.65625,5.8125)
44	(BDA,BDCA)	(53.125,53.75,6.75,7.375,52.8125,53.125,6.75,7.0625)
41	(DABBB,DABBD)	(52.34375,52.5,6.59375,6.75,52.1875,52.34375,6.59375,6.75)
39	(DABBD,DABBB)	(52.1875,52.34375,6.59375,6.75,52.34375,52.5,6.59375,6.75)
39	(BDCA,BDA)	(52.8125,53.125,6.75,7.0625,53.125,53.75,6.75,7.375)
39	(CBACDDB,CBADCC)	(51.9140625,51.953125,4.5234375,4.5625,51.875,51.953125,4.5625,4.640625)
37	(CBADCC,CBACDDB)	(51.875,51.953125,4.5625,4.640625,51.9140625,51.953125,4.5234375,4.5625)
36	(CBCCA,CBCAC)	(51.40625,51.5625,4.25,4.40625,51.5625,51.71875,4.25,4.40625)
36	(CBCAC,CBCCA)	(51.5625,51.71875,4.25,4.40625,51.40625,51.5625,4.25,4.40625)
33	(DABCC,DAADD)	(51.875,52.03125,6.125,6.28125,51.875,52.03125,5.96875,6.125)
32	(DAADD,DABCC)	(51.875,52.03125,5.96875,6.125,51.875,52.03125,6.125,6.28125)
31	(DAABC,DAABD)	(52.1875,52.34375,5.8125,5.96875,52.1875,52.34375,5.96875,6.125)
31	(DBAACC,DBAACA)	(52.1875,52.265625,6.75,6.828125,52.265625,52.34375,6.75,6.828125)
30	(DBAACA,DBAACC)	(52.265625,52.34375,6.75,6.828125,52.1875,52.265625,6.75,6.828125)
27	(DAABD,DAABC)	(52.1875,52.34375,5.96875,6.125,52.1875,52.34375,5.8125,5.96875)
26	(DAADD,DAADCB)	(51.875,52.03125,5.96875,6.125,51.953125,52.03125,5.890625,5.96875)
26	(CBADB,CBADD)	(52.03125,52.1875,4.71875,4.875,51.875,52.03125,4.71875,4.875)
25	(CBBAACCBAA,CBBAACCBAC)	(52.3779296875,52.3828125,4.89453125,4.8994140625,52.373046875,52.3779296875,4.89453125,4.8994140625)
24	(CBACBB,CBAA)	(52.109375,52.1875,4.484375,4.5625,52.1875,52.5,4.25,4.5625)
24	(CBACDDC,CADA)	(51.875,51.9140625,4.484375,4.5234375,51.5625,51.875,3.625,3.9375)
24	(DAACD,DAACC)	(51.875,52.03125,5.65625,5.8125,51.875,52.03125,5.5,5.65625)
24	(CADA,CBACDDC)	(51.5625,51.875,3.625,3.9375,51.875,51.9140625,4.484375,4.5234375)
24	(CBABBDB,ADCDC)	(52.3828125,52.421875,4.8359375,4.875,52.5,52.65625,4.5625,4.71875)
24	(CBADD,CBADB)	(51.875,52.03125,4.71875,4.875,52.03125,52.1875,4.71875,4.875)
24	(DACCA,CBDDBDB)	(51.40625,51.5625,5.5,5.65625,51.4453125,51.484375,5.4609375,5.5)
24	(CBBAACCBAC,CBBAACCBAA)	(52.373046875,52.3779296875,4.89453125,4.8994140625,52.3779296875,52.3828125,4.89453125,4.8994140625)
24	(DAACC,DAACD)	(51.875,52.03125,5.5,5.65625,51.875,52.03125,5.65625,5.8125)
