46	(DACAB,DACBAA)	(51.71875,51.875,5.65625,5.8125,51.796875,51.875,5.8125,5.890625)
42	(DAAAB,DAAAC)	(52.34375,52.5,5.65625,5.8125,52.1875,52.34375,5.5,5.65625)
41	(DAAAC,DAAAB)	(52.1875,52.34375,5.5,5.65625,52.34375,52.5,5.65625,5.8125)
40	(DACBAA,DACAB)	(51.796875,51.875,5.8125,5.890625,51.71875,51.875,5.65625,5.8125)
39	(CBAA,CBACBA)	(52.1875,52.5,4.25,4.5625,52.109375,52.1875,4.40625,4.484375)
36	(DACBAB,DACBAC)	(51.796875,51.875,5.890625,5.96875,51.71875,51.796875,5.8125,5.890625)
36	(DACBAC,DACBAB)	(51.71875,51.796875,5.8125,5.890625,51.796875,51.875,5.890625,5.96875)
35	(BCCDDDC,BCCDDB)	(52.5,52.5390625,6.046875,6.0859375,52.578125,52.65625,6.046875,6.125)
35	(BCCDDB,BCCDDDC)	(52.578125,52.65625,6.046875,6.125,52.5,52.5390625,6.046875,6.0859375)
34	(CBACBA,CBAA)	(52.109375,52.1875,4.40625,4.484375,52.1875,52.5,4.25,4.5625)
33	(CBDDBDA,CBDDBDB)	(51.4453125,51.484375,5.421875,5.4609375,51.4453125,51.484375,5.4609375,5.5)
32	(CBDDBDB,CBDDBDA)	(51.4453125,51.484375,5.4609375,5.5,51.4453125,51.484375,5.421875,5.4609375)
29	(CBCBAA,CBCBAB)	(51.796875,51.875,4.5625,4.640625,51.796875,51.875,4.640625,4.71875)
29	(DAABC,DAABD)	(52.1875,52.34375,5.8125,5.96875,52.1875,52.34375,5.96875,6.125)
29	(CBBBA,CBBBD)	(52.34375,52.5,5.1875,5.34375,52.1875,52.34375,5.34375,5.5)
28	(CBCBAA,CBCAB)	(51.796875,51.875,4.5625,4.640625,51.71875,51.875,4.40625,4.5625)
28	(DACAC,DACCB)	(51.5625,51.71875,5.5,5.65625,51.40625,51.5625,5.65625,5.8125)
28	(CBCBAB,CBCBAA)	(51.796875,51.875,4.640625,4.71875,51.796875,51.875,4.5625,4.640625)
27	(CBCAB,CBCBAA)	(51.71875,51.875,4.40625,4.5625,51.796875,51.875,4.5625,4.640625)
27	(DAABD,DAABC)	(52.1875,52.34375,5.96875,6.125,52.1875,52.34375,5.8125,5.96875)
27	(DACCB,DACAD)	(51.40625,51.5625,5.65625,5.8125,51.5625,51.71875,5.65625,5.8125)
27	(CBBBD,CBBBA)	(52.1875,52.34375,5.34375,5.5,52.34375,52.5,5.1875,5.34375)
26	(DACCA,DACCB)	(51.40625,51.5625,5.5,5.65625,51.40625,51.5625,5.65625,5.8125)
26	(DACCB,DACAC)	(51.40625,51.5625,5.65625,5.8125,51.5625,51.71875,5.5,5.65625)
25	(DACAD,DACCB)	(51.5625,51.71875,5.65625,5.8125,51.40625,51.5625,5.65625,5.8125)
23	(DAACD,DAACC)	(51.875,52.03125,5.65625,5.8125,51.875,52.03125,5.5,5.65625)
23	(BCCBB,BCAD)	(52.96875,53.125,5.96875,6.125,53.125,53.4375,5.8125,6.125)
23	(CBACDDB,CBADCC)	(51.9140625,51.953125,4.5234375,4.5625,51.875,51.953125,4.5625,4.640625)
23	(BDCA,BDA)	(52.8125,53.125,6.75,7.0625,53.125,53.75,6.75,7.375)
23	(DACCB,DACCA)	(51.40625,51.5625,5.65625,5.8125,51.40625,51.5625,5.5,5.65625)
