45	(CBACDCA,CBACDCBC)	(51.9140625,51.953125,4.40625,4.4453125,51.9140625,51.93359375,4.4453125,4.46484375)
44	(CBACDCBC,CBACDCA)	(51.9140625,51.93359375,4.4453125,4.46484375,51.9140625,51.953125,4.40625,4.4453125)
42	(ADCDD,CBABBB)	(52.5,52.65625,4.71875,4.875,52.421875,52.5,4.796875,4.875)
42	(BCAD,BCAC)	(53.125,53.4375,5.8125,6.125,53.125,53.4375,5.5,5.8125)
40	(CBABBB,ADCDD)	(52.421875,52.5,4.796875,4.875,52.5,52.65625,4.71875,4.875)
38	(DAABD,DAABC)	(52.1875,52.34375,5.96875,6.125,52.1875,52.34375,5.8125,5.96875)
35	(BCAC,BCAD)	(53.125,53.4375,5.5,5.8125,53.125,53.4375,5.8125,6.125)
35	(DAABC,DAABD)	(52.1875,52.34375,5.8125,5.96875,52.1875,52.34375,5.96875,6.125)
31	(DAACD,DAACC)	(51.875,52.03125,5.65625,5.8125,51.875,52.03125,5.5,5.65625)
30	(BDA,BDCA)	(53.125,53.75,6.75,7.375,52.8125,53.125,6.75,7.0625)
30	(DAACC,DAACD)	(51.875,52.03125,5.5,5.65625,51.875,52.03125,5.65625,5.8125)
30	(CBABAD,CBABAC)	(52.34375,52.421875,4.640625,4.71875,52.34375,52.421875,4.5625,4.640625)
30	(CBABAC,CBABAD)	(52.34375,52.421875,4.5625,4.640625,52.34375,52.421875,4.640625,4.71875)
29	(DACBD,DACBC)	(51.5625,51.71875,5.96875,6.125,51.5625,51.71875,5.8125,5.96875)
29	(DACCA,DACCB)	(51.40625,51.5625,5.5,5.65625,51.40625,51.5625,5.65625,5.8125)
27	(DACBC,DACBD)	(51.5625,51.71875,5.8125,5.96875,51.5625,51.71875,5.96875,6.125)
27	(DACCB,DACCA)	(51.40625,51.5625,5.65625,5.8125,51.40625,51.5625,5.5,5.65625)
26	(ADCDC,ADCDD)	(52.5,52.65625,4.5625,4.71875,52.5,52.65625,4.71875,4.875)
25	(BDCA,BDA)	(52.8125,53.125,6.75,7.0625,53.125,53.75,6.75,7.375)
24	(ADCDD,CBABBA)	(52.5,52.65625,4.71875,4.875,52.421875,52.5,4.71875,4.796875)
24	(DCADB,DCADA)	(50.78125,50.9375,5.96875,6.125,50.78125,50.9375,5.8125,5.96875)
24	(DBAAD,DBAACDD)	(52.1875,52.34375,6.90625,7.0625,52.1875,52.2265625,6.8671875,6.90625)
24	(CBABBA,ADCDD)	(52.421875,52.5,4.71875,4.796875,52.5,52.65625,4.71875,4.875)
23	(CBACAB,CBACBB)	(52.109375,52.1875,4.328125,4.40625,52.109375,52.1875,4.484375,4.5625)
23	(CBBAACCBC,CBBAACD)	(52.36328125,52.373046875,4.89453125,4.904296875,52.34375,52.3828125,4.9140625,4.953125)
23	(ADCDD,ADCDB)	(52.5,52.65625,4.71875,4.875,52.65625,52.8125,4.71875,4.875)
23	(ADCDD,ADCDC)	(52.5,52.65625,4.71875,4.875,52.5,52.65625,4.5625,4.71875)
22	(CBCAB,CBCAA)	(51.71875,51.875,4.40625,4.5625,51.71875,51.875,4.25,4.40625)
22	(BCDCC,DAAAB)	(52.5,52.65625,6.125,6.28125,52.34375,52.5,5.65625,5.8125)
22	(CBCBAA,CBCBAB)	(51.796875,51.875,4.5625,4.640625,51.796875,51.875,4.640625,4.71875)
