40	(CBACDCBB,CBACDDA)	(51.93359375,51.953125,4.46484375,4.484375,51.9140625,51.953125,4.484375,4.5234375)
39	(CBACDCA,CBACDCBC)	(51.9140625,51.953125,4.40625,4.4453125,51.9140625,51.93359375,4.4453125,4.46484375)
39	(CBACDDA,CBACDCBB)	(51.9140625,51.953125,4.484375,4.5234375,51.93359375,51.953125,4.46484375,4.484375)
37	(CBACDCBC,CBACDCA)	(51.9140625,51.93359375,4.4453125,4.46484375,51.9140625,51.953125,4.40625,4.4453125)
29	(CBABAC,CBABAD)	(52.34375,52.421875,4.5625,4.640625,52.34375,52.421875,4.640625,4.71875)
29	(DACCB,DACCA)	(51.40625,51.5625,5.65625,5.8125,51.40625,51.5625,5.5,5.65625)
28	(CBDDBDB,CBDDBDA)	(51.4453125,51.484375,5.4609375,5.5,51.4453125,51.484375,5.421875,5.4609375)
26	(DACCA,DACCB)	(51.40625,51.5625,5.5,5.65625,51.40625,51.5625,5.65625,5.8125)
25	(DAABD,DAABC)	(52.1875,52.34375,5.96875,6.125,52.1875,52.34375,5.8125,5.96875)
25	(CBDDBDA,CBDDBDB)	(51.4453125,51.484375,5.421875,5.4609375,51.4453125,51.484375,5.4609375,5.5)
24	(DAACC,DAACD)	(51.875,52.03125,5.5,5.65625,51.875,52.03125,5.65625,5.8125)
24	(BCAD,BCAC)	(53.125,53.4375,5.8125,6.125,53.125,53.4375,5.5,5.8125)
23	(DAACD,DAACC)	(51.875,52.03125,5.65625,5.8125,51.875,52.03125,5.5,5.65625)
23	(CBABAD,CBABAC)	(52.34375,52.421875,4.640625,4.71875,52.34375,52.421875,4.5625,4.640625)
23	(CADB,CADA)	(51.5625,51.875,3.9375,4.25,51.5625,51.875,3.625,3.9375)
22	(DAABC,DAABD)	(52.1875,52.34375,5.8125,5.96875,52.1875,52.34375,5.96875,6.125)
22	(BCAC,BCAD)	(53.125,53.4375,5.5,5.8125,53.125,53.4375,5.8125,6.125)
22	(CADA,CADB)	(51.5625,51.875,3.625,3.9375,51.5625,51.875,3.9375,4.25)
22	(CDAABB,CDAB)	(51.171875,51.25,4.484375,4.5625,50.9375,51.25,4.5625,4.875)
21	(CBAA,CBACBA)	(52.1875,52.5,4.25,4.5625,52.109375,52.1875,4.40625,4.484375)
21	(CBDDBDD,CBDDBDB)	(51.40625,51.4453125,5.4609375,5.5,51.4453125,51.484375,5.4609375,5.5)
20	(CBCBAB,CBCBAD)	(51.796875,51.875,4.640625,4.71875,51.71875,51.796875,4.640625,4.71875)
20	(ADCDB,ADCDD)	(52.65625,52.8125,4.71875,4.875,52.5,52.65625,4.71875,4.875)
20	(CBABBDC,CBBAACD)	(52.34375,52.3828125,4.796875,4.8359375,52.34375,52.3828125,4.9140625,4.953125)
20	(CBBAACD,CBABBDC)	(52.34375,52.3828125,4.9140625,4.953125,52.34375,52.3828125,4.796875,4.8359375)
19	(CBDDBDB,CBDDBDD)	(51.4453125,51.484375,5.4609375,5.5,51.40625,51.4453125,5.4609375,5.5)
19	(ADCDD,ADCDB)	(52.5,52.65625,4.71875,4.875,52.65625,52.8125,4.71875,4.875)
19	(DAADD,DAADCB)	(51.875,52.03125,5.96875,6.125,51.953125,52.03125,5.890625,5.96875)
18	(ADDC,CBBAAB)	(52.5,52.8125,4.875,5.1875,52.421875,52.5,4.953125,5.03125)
18	(BDA,BDCA)	(53.125,53.75,6.75,7.375,52.8125,53.125,6.75,7.0625)
