2076	590759185	52.707289	4.703257	ADCDA
1112	124608686	53.0848551	4.8769296	ADDAA
2955	833474906	52.8399444	4.9776804	ADDAC
1176	216833940	52.9383404	5.44393137	ADDBD
1259	941509892	53.3025	5.72	BCACB
2683	358206289	53.35768475	6.4289062	BCBCB
3167	79284569	53.32570184	6.66611527	BCBDB
3351	402805622	52.913156	6.079076	BCCBD
3439	504435336	52.5224225	5.7150003	BCCCD
3230	631967701	52.9475701	6.4464106	BCDBC
428	215664294	52.93871839	6.67638175	BCDBD
2996	225873004	52.7935793	6.7276458	BCDDB
2684	615851699	53.2845777	7.0415773	BDACB
2381	328455130	53.36648178	7.20320511	BDADA
3307	112163533	53.14802641	7.11461289	BDADC
259	329277875	53.218439	7.36997786	BDADD
2012	158068615	52.867177	7.0596579	BDCAD
92	266768361	51.6158484	4.160183	CADBD
196	594036749	51.31982511	3.69376467	CADCC
1555	393522861	51.4166474	4.1836994	CADDB
1497	302794329	51.31485093	4.40295205	CBCCC
1699	233287647	52.38065246	5.77622294	DAAAB
1908	398766164	52.18153678	5.96158737	DAADA
1636	81919094	52.1815906	5.9690153	DAADB
522	636134301	52.4644481	6.3819354	DABAB
2455	366507969	52.28308838	6.43176641	DABAD
231	245310619	52.1180856	6.5637236	DABDA
1642	174739664	51.96854324	6.71912382	DABDD
1693	221876663	51.8699001	6.0813168	DACBB
472	114657300	51.28661974	6.28600896	DADCD
2680	954229027	52.3983201	7.0271991	DBAAB
690	48005930	50.78293677	6.14467944	DCBCA
