A	52.500000 55.000000	3.000000 5.500000
AA	53.750000 55.000000	3.000000 4.250000
AAA	54.375000 55.000000	3.000000 3.625000
AAAA	54.687500 55.000000	3.000000 3.312500
AAAB	54.687500 55.000000	3.312500 3.625000
AAAC	54.375000 54.687500	3.000000 3.312500
AAAD	54.375000 54.687500	3.312500 3.625000
AAB	54.375000 55.000000	3.625000 4.250000
AABA	54.687500 55.000000	3.625000 3.937500
AABB	54.687500 55.000000	3.937500 4.250000
AABC	54.375000 54.687500	3.625000 3.937500
AABD	54.375000 54.687500	3.937500 4.250000
AAC	53.750000 54.375000	3.000000 3.625000
AACA	54.062500 54.375000	3.000000 3.312500
AACB	54.062500 54.375000	3.312500 3.625000
AACC	53.750000 54.062500	3.000000 3.312500
AACD	53.750000 54.062500	3.312500 3.625000
AAD	53.750000 54.375000	3.625000 4.250000
AADA	54.062500 54.375000	3.625000 3.937500
AADB	54.062500 54.375000	3.937500 4.250000
AADC	53.750000 54.062500	3.625000 3.937500
AADD	53.750000 54.062500	3.937500 4.250000
AB	53.750000 55.000000	4.250000 5.500000
ABA	54.375000 55.000000	4.250000 4.875000
ABAA	54.687500 55.000000	4.250000 4.562500
ABAB	54.687500 55.000000	4.562500 4.875000
ABAC	54.375000 54.687500	4.250000 4.562500
ABAD	54.375000 54.687500	4.562500 4.875000
ABB	54.375000 55.000000	4.875000 5.500000
ABBA	54.687500 55.000000	4.875000 5.187500
ABBB	54.687500 55.000000	5.187500 5.500000
ABBC	54.375000 54.687500	4.875000 5.187500
ABBD	54.375000 54.687500	5.187500 5.500000
ABC	53.750000 54.375000	4.250000 4.875000
ABCA	54.062500 54.375000	4.250000 4.562500
ABCB	54.062500 54.375000	4.562500 4.875000
ABCC	53.750000 54.062500	4.250000 4.562500
ABCD	53.750000 54.062500	4.562500 4.875000
ABD	53.750000 54.375000	4.875000 5.500000
ABDA	54.062500 54.375000	4.875000 5.187500
ABDB	54.062500 54.375000	5.187500 5.500000
ABDC	53.750000 54.062500	4.875000 5.187500
ABDD	53.750000 54.062500	5.187500 5.500000
AC	52.500000 53.750000	3.000000 4.250000
ACA	53.125000 53.750000	3.000000 3.625000
ACAA	53.437500 53.750000	3.000000 3.312500
ACAB	53.437500 53.750000	3.312500 3.625000
ACAC	53.125000 53.437500	3.000000 3.312500
ACAD	53.125000 53.437500	3.312500 3.625000
ACB	53.125000 53.750000	3.625000 4.250000
ACBA	53.437500 53.750000	3.625000 3.937500
ACBB	53.437500 53.750000	3.937500 4.250000
ACBC	53.125000 53.437500	3.625000 3.937500
ACBD	53.125000 53.437500	3.937500 4.250000
ACC	52.500000 53.125000	3.000000 3.625000
ACCA	52.812500 53.125000	3.000000 3.312500
ACCB	52.812500 53.125000	3.312500 3.625000
ACCC	52.500000 52.812500	3.000000 3.312500
ACCD	52.500000 52.812500	3.312500 3.625000
ACD	52.500000 53.125000	3.625000 4.250000
ACDA	52.812500 53.125000	3.625000 3.937500
ACDB	52.812500 53.125000	3.937500 4.250000
ACDC	52.500000 52.812500	3.625000 3.937500
ACDD	52.500000 52.812500	3.937500 4.250000
AD	52.500000 53.750000	4.250000 5.500000
ADA	53.125000 53.750000	4.250000 4.875000
ADAA	53.437500 53.750000	4.250000 4.562500
ADAB	53.437500 53.750000	4.562500 4.875000
ADAC	53.125000 53.437500	4.250000 4.562500
ADAD	53.125000 53.437500	4.562500 4.875000
ADB	53.125000 53.750000	4.875000 5.500000
ADBA	53.437500 53.750000	4.875000 5.187500
ADBB	53.437500 53.750000	5.187500 5.500000
ADBC	53.125000 53.437500	4.875000 5.187500
ADBD	53.125000 53.437500	5.187500 5.500000
ADC	52.500000 53.125000	4.250000 4.875000
ADCA	52.812500 53.125000	4.250000 4.562500
ADCB	52.812500 53.125000	4.562500 4.875000
ADCC	52.500000 52.812500	4.250000 4.562500
ADCD	52.500000 52.812500	4.562500 4.875000
ADD	52.500000 53.125000	4.875000 5.500000
ADDA	52.812500 53.125000	4.875000 5.187500
ADDB	52.812500 53.125000	5.187500 5.500000
ADDC	52.500000 52.812500	4.875000 5.187500
ADDD	52.500000 52.812500	5.187500 5.500000
B	52.500000 55.000000	5.500000 8.000000
BA	53.750000 55.000000	5.500000 6.750000
BAA	54.375000 55.000000	5.500000 6.125000
BAAA	54.687500 55.000000	5.500000 5.812500
BAAB	54.687500 55.000000	5.812500 6.125000
BAAC	54.375000 54.687500	5.500000 5.812500
BAAD	54.375000 54.687500	5.812500 6.125000
BAB	54.375000 55.000000	6.125000 6.750000
BABA	54.687500 55.000000	6.125000 6.437500
BABB	54.687500 55.000000	6.437500 6.750000
BABC	54.375000 54.687500	6.125000 6.437500
BABD	54.375000 54.687500	6.437500 6.750000
BAC	53.750000 54.375000	5.500000 6.125000
BACA	54.062500 54.375000	5.500000 5.812500
BACB	54.062500 54.375000	5.812500 6.125000
BACC	53.750000 54.062500	5.500000 5.812500
BACD	53.750000 54.062500	5.812500 6.125000
BAD	53.750000 54.375000	6.125000 6.750000
BADA	54.062500 54.375000	6.125000 6.437500
BADB	54.062500 54.375000	6.437500 6.750000
BADC	53.750000 54.062500	6.125000 6.437500
BADD	53.750000 54.062500	6.437500 6.750000
BB	53.750000 55.000000	6.750000 8.000000
BBA	54.375000 55.000000	6.750000 7.375000
BBAA	54.687500 55.000000	6.750000 7.062500
BBAB	54.687500 55.000000	7.062500 7.375000
BBAC	54.375000 54.687500	6.750000 7.062500
BBAD	54.375000 54.687500	7.062500 7.375000
BBB	54.375000 55.000000	7.375000 8.000000
BBBA	54.687500 55.000000	7.375000 7.687500
BBBB	54.687500 55.000000	7.687500 8.000000
BBBC	54.375000 54.687500	7.375000 7.687500
BBBD	54.375000 54.687500	7.687500 8.000000
BBC	53.750000 54.375000	6.750000 7.375000
BBCA	54.062500 54.375000	6.750000 7.062500
BBCB	54.062500 54.375000	7.062500 7.375000
BBCC	53.750000 54.062500	6.750000 7.062500
BBCD	53.750000 54.062500	7.062500 7.375000
BBD	53.750000 54.375000	7.375000 8.000000
BBDA	54.062500 54.375000	7.375000 7.687500
BBDB	54.062500 54.375000	7.687500 8.000000
BBDC	53.750000 54.062500	7.375000 7.687500
BBDD	53.750000 54.062500	7.687500 8.000000
BC	52.500000 53.750000	5.500000 6.750000
BCA	53.125000 53.750000	5.500000 6.125000
BCAA	53.437500 53.750000	5.500000 5.812500
BCAB	53.437500 53.750000	5.812500 6.125000
BCAC	53.125000 53.437500	5.500000 5.812500
BCAD	53.125000 53.437500	5.812500 6.125000
BCB	53.125000 53.750000	6.125000 6.750000
BCBA	53.437500 53.750000	6.125000 6.437500
BCBB	53.437500 53.750000	6.437500 6.750000
BCBC	53.125000 53.437500	6.125000 6.437500
BCBD	53.125000 53.437500	6.437500 6.750000
BCC	52.500000 53.125000	5.500000 6.125000
BCCA	52.812500 53.125000	5.500000 5.812500
BCCB	52.812500 53.125000	5.812500 6.125000
BCCC	52.500000 52.812500	5.500000 5.812500
BCCD	52.500000 52.812500	5.812500 6.125000
BCD	52.500000 53.125000	6.125000 6.750000
BCDA	52.812500 53.125000	6.125000 6.437500
BCDB	52.812500 53.125000	6.437500 6.750000
BCDC	52.500000 52.812500	6.125000 6.437500
BCDD	52.500000 52.812500	6.437500 6.750000
BD	52.500000 53.750000	6.750000 8.000000
BDA	53.125000 53.750000	6.750000 7.375000
BDAA	53.437500 53.750000	6.750000 7.062500
BDAB	53.437500 53.750000	7.062500 7.375000
BDAC	53.125000 53.437500	6.750000 7.062500
BDAD	53.125000 53.437500	7.062500 7.375000
BDB	53.125000 53.750000	7.375000 8.000000
BDBA	53.437500 53.750000	7.375000 7.687500
BDBB	53.437500 53.750000	7.687500 8.000000
BDBC	53.125000 53.437500	7.375000 7.687500
BDBD	53.125000 53.437500	7.687500 8.000000
BDC	52.500000 53.125000	6.750000 7.375000
BDCA	52.812500 53.125000	6.750000 7.062500
BDCB	52.812500 53.125000	7.062500 7.375000
BDCC	52.500000 52.812500	6.750000 7.062500
BDCD	52.500000 52.812500	7.062500 7.375000
BDD	52.500000 53.125000	7.375000 8.000000
BDDA	52.812500 53.125000	7.375000 7.687500
BDDB	52.812500 53.125000	7.687500 8.000000
BDDC	52.500000 52.812500	7.375000 7.687500
BDDD	52.500000 52.812500	7.687500 8.000000
C	50.000000 52.500000	3.000000 5.500000
CA	51.250000 52.500000	3.000000 4.250000
CAA	51.875000 52.500000	3.000000 3.625000
CAAA	52.187500 52.500000	3.000000 3.312500
CAAB	52.187500 52.500000	3.312500 3.625000
CAAC	51.875000 52.187500	3.000000 3.312500
CAAD	51.875000 52.187500	3.312500 3.625000
CAB	51.875000 52.500000	3.625000 4.250000
CABA	52.187500 52.500000	3.625000 3.937500
CABB	52.187500 52.500000	3.937500 4.250000
CABC	51.875000 52.187500	3.625000 3.937500
CABD	51.875000 52.187500	3.937500 4.250000
CAC	51.250000 51.875000	3.000000 3.625000
CACA	51.562500 51.875000	3.000000 3.312500
CACB	51.562500 51.875000	3.312500 3.625000
CACC	51.250000 51.562500	3.000000 3.312500
CACD	51.250000 51.562500	3.312500 3.625000
CAD	51.250000 51.875000	3.625000 4.250000
CADA	51.562500 51.875000	3.625000 3.937500
CADB	51.562500 51.875000	3.937500 4.250000
CADC	51.250000 51.562500	3.625000 3.937500
CADD	51.250000 51.562500	3.937500 4.250000
CB	51.250000 52.500000	4.250000 5.500000
CBA	51.875000 52.500000	4.250000 4.875000
CBAA	52.187500 52.500000	4.250000 4.562500
CBAB	52.187500 52.500000	4.562500 4.875000
CBAC	51.875000 52.187500	4.250000 4.562500
CBAD	51.875000 52.187500	4.562500 4.875000
CBB	51.875000 52.500000	4.875000 5.500000
CBBA	52.187500 52.500000	4.875000 5.187500
CBBB	52.187500 52.500000	5.187500 5.500000
CBBC	51.875000 52.187500	4.875000 5.187500
CBBD	51.875000 52.187500	5.187500 5.500000
CBC	51.250000 51.875000	4.250000 4.875000
CBCA	51.562500 51.875000	4.250000 4.562500
CBCB	51.562500 51.875000	4.562500 4.875000
CBCC	51.250000 51.562500	4.250000 4.562500
CBCD	51.250000 51.562500	4.562500 4.875000
CBD	51.250000 51.875000	4.875000 5.500000
CBDA	51.562500 51.875000	4.875000 5.187500
CBDB	51.562500 51.875000	5.187500 5.500000
CBDC	51.250000 51.562500	4.875000 5.187500
CBDD	51.250000 51.562500	5.187500 5.500000
CC	50.000000 51.250000	3.000000 4.250000
CCA	50.625000 51.250000	3.000000 3.625000
CCAA	50.937500 51.250000	3.000000 3.312500
CCAB	50.937500 51.250000	3.312500 3.625000
CCAC	50.625000 50.937500	3.000000 3.312500
CCAD	50.625000 50.937500	3.312500 3.625000
CCB	50.625000 51.250000	3.625000 4.250000
CCBA	50.937500 51.250000	3.625000 3.937500
CCBB	50.937500 51.250000	3.937500 4.250000
CCBC	50.625000 50.937500	3.625000 3.937500
CCBD	50.625000 50.937500	3.937500 4.250000
CCC	50.000000 50.625000	3.000000 3.625000
CCCA	50.312500 50.625000	3.000000 3.312500
CCCB	50.312500 50.625000	3.312500 3.625000
CCCC	50.000000 50.312500	3.000000 3.312500
CCCD	50.000000 50.312500	3.312500 3.625000
CCD	50.000000 50.625000	3.625000 4.250000
CCDA	50.312500 50.625000	3.625000 3.937500
CCDB	50.312500 50.625000	3.937500 4.250000
CCDC	50.000000 50.312500	3.625000 3.937500
CCDD	50.000000 50.312500	3.937500 4.250000
CD	50.000000 51.250000	4.250000 5.500000
CDA	50.625000 51.250000	4.250000 4.875000
CDAA	50.937500 51.250000	4.250000 4.562500
CDAB	50.937500 51.250000	4.562500 4.875000
CDAC	50.625000 50.937500	4.250000 4.562500
CDAD	50.625000 50.937500	4.562500 4.875000
CDB	50.625000 51.250000	4.875000 5.500000
CDBA	50.937500 51.250000	4.875000 5.187500
CDBB	50.937500 51.250000	5.187500 5.500000
CDBC	50.625000 50.937500	4.875000 5.187500
CDBD	50.625000 50.937500	5.187500 5.500000
CDC	50.000000 50.625000	4.250000 4.875000
CDCA	50.312500 50.625000	4.250000 4.562500
CDCB	50.312500 50.625000	4.562500 4.875000
CDCC	50.000000 50.312500	4.250000 4.562500
CDCD	50.000000 50.312500	4.562500 4.875000
CDD	50.000000 50.625000	4.875000 5.500000
CDDA	50.312500 50.625000	4.875000 5.187500
CDDB	50.312500 50.625000	5.187500 5.500000
CDDC	50.000000 50.312500	4.875000 5.187500
CDDD	50.000000 50.312500	5.187500 5.500000
D	50.000000 52.500000	5.500000 8.000000
DA	51.250000 52.500000	5.500000 6.750000
DAA	51.875000 52.500000	5.500000 6.125000
DAAA	52.187500 52.500000	5.500000 5.812500
DAAB	52.187500 52.500000	5.812500 6.125000
DAAC	51.875000 52.187500	5.500000 5.812500
DAAD	51.875000 52.187500	5.812500 6.125000
DAB	51.875000 52.500000	6.125000 6.750000
DABA	52.187500 52.500000	6.125000 6.437500
DABB	52.187500 52.500000	6.437500 6.750000
DABC	51.875000 52.187500	6.125000 6.437500
DABD	51.875000 52.187500	6.437500 6.750000
DAC	51.250000 51.875000	5.500000 6.125000
DACA	51.562500 51.875000	5.500000 5.812500
DACB	51.562500 51.875000	5.812500 6.125000
DACC	51.250000 51.562500	5.500000 5.812500
DACD	51.250000 51.562500	5.812500 6.125000
DAD	51.250000 51.875000	6.125000 6.750000
DADA	51.562500 51.875000	6.125000 6.437500
DADB	51.562500 51.875000	6.437500 6.750000
DADC	51.250000 51.562500	6.125000 6.437500
DADD	51.250000 51.562500	6.437500 6.750000
DB	51.250000 52.500000	6.750000 8.000000
DBA	51.875000 52.500000	6.750000 7.375000
DBAA	52.187500 52.500000	6.750000 7.062500
DBAB	52.187500 52.500000	7.062500 7.375000
DBAC	51.875000 52.187500	6.750000 7.062500
DBAD	51.875000 52.187500	7.062500 7.375000
DBB	51.875000 52.500000	7.375000 8.000000
DBBA	52.187500 52.500000	7.375000 7.687500
DBBB	52.187500 52.500000	7.687500 8.000000
DBBC	51.875000 52.187500	7.375000 7.687500
DBBD	51.875000 52.187500	7.687500 8.000000
DBC	51.250000 51.875000	6.750000 7.375000
DBCA	51.562500 51.875000	6.750000 7.062500
DBCB	51.562500 51.875000	7.062500 7.375000
DBCC	51.250000 51.562500	6.750000 7.062500
DBCD	51.250000 51.562500	7.062500 7.375000
DBD	51.250000 51.875000	7.375000 8.000000
DBDA	51.562500 51.875000	7.375000 7.687500
DBDB	51.562500 51.875000	7.687500 8.000000
DBDC	51.250000 51.562500	7.375000 7.687500
DBDD	51.250000 51.562500	7.687500 8.000000
DC	50.000000 51.250000	5.500000 6.750000
DCA	50.625000 51.250000	5.500000 6.125000
DCAA	50.937500 51.250000	5.500000 5.812500
DCAB	50.937500 51.250000	5.812500 6.125000
DCAC	50.625000 50.937500	5.500000 5.812500
DCAD	50.625000 50.937500	5.812500 6.125000
DCB	50.625000 51.250000	6.125000 6.750000
DCBA	50.937500 51.250000	6.125000 6.437500
DCBB	50.937500 51.250000	6.437500 6.750000
DCBC	50.625000 50.937500	6.125000 6.437500
DCBD	50.625000 50.937500	6.437500 6.750000
DCC	50.000000 50.625000	5.500000 6.125000
DCCA	50.312500 50.625000	5.500000 5.812500
DCCB	50.312500 50.625000	5.812500 6.125000
DCCC	50.000000 50.312500	5.500000 5.812500
DCCD	50.000000 50.312500	5.812500 6.125000
DCD	50.000000 50.625000	6.125000 6.750000
DCDA	50.312500 50.625000	6.125000 6.437500
DCDB	50.312500 50.625000	6.437500 6.750000
DCDC	50.000000 50.312500	6.125000 6.437500
DCDD	50.000000 50.312500	6.437500 6.750000
DD	50.000000 51.250000	6.750000 8.000000
DDA	50.625000 51.250000	6.750000 7.375000
DDAA	50.937500 51.250000	6.750000 7.062500
DDAB	50.937500 51.250000	7.062500 7.375000
DDAC	50.625000 50.937500	6.750000 7.062500
DDAD	50.625000 50.937500	7.062500 7.375000
DDB	50.625000 51.250000	7.375000 8.000000
DDBA	50.937500 51.250000	7.375000 7.687500
DDBB	50.937500 51.250000	7.687500 8.000000
DDBC	50.625000 50.937500	7.375000 7.687500
DDBD	50.625000 50.937500	7.687500 8.000000
DDC	50.000000 50.625000	6.750000 7.375000
DDCA	50.312500 50.625000	6.750000 7.062500
DDCB	50.312500 50.625000	7.062500 7.375000
DDCC	50.000000 50.312500	6.750000 7.062500
DDCD	50.000000 50.312500	7.062500 7.375000
DDD	50.000000 50.625000	7.375000 8.000000
DDDA	50.312500 50.625000	7.375000 7.687500
DDDB	50.312500 50.625000	7.687500 8.000000
DDDC	50.000000 50.312500	7.375000 7.687500
DDDD	50.000000 50.312500	7.687500 8.000000
