35	(BCAC,BCAD)	(53.125,53.4375,5.5,5.8125,53.125,53.4375,5.8125,6.125)
42	(BCAD,BCAC)	(53.125,53.4375,5.8125,6.125,53.125,53.4375,5.5,5.8125)
35	(DAABC,DAABD)	(52.1875,52.34375,5.8125,5.96875,52.1875,52.34375,5.96875,6.125)
38	(DAABD,DAABC)	(52.1875,52.34375,5.96875,6.125,52.1875,52.34375,5.8125,5.96875)
30	(DAACC,DAACD)	(51.875,52.03125,5.5,5.65625,51.875,52.03125,5.65625,5.8125)
16	(DAADCB,DAADD)	(51.953125,52.03125,5.890625,5.96875,51.875,52.03125,5.96875,6.125)
20	(DAADD,DAADCB)	(51.875,52.03125,5.96875,6.125,51.953125,52.03125,5.890625,5.96875)
13	(DACAB,DACBAA)	(51.71875,51.875,5.65625,5.8125,51.796875,51.875,5.8125,5.890625)
29	(DACCA,DACCB)	(51.40625,51.5625,5.5,5.65625,51.40625,51.5625,5.65625,5.8125)
27	(DACCB,DACCA)	(51.40625,51.5625,5.65625,5.8125,51.40625,51.5625,5.5,5.65625)
